
50      36      66      76      95      12      25      36
50      36      66      76      95      12      25      36
36      36      25      12      50      95      76      66
12      36      25      36      50      95      76      66
12      36      25      36      50      95      76      66
12      25      36      36      50      95      76      66
12      25      36      36      50      66      76      95
12      25      36      36      50      66      76      95




50      36      66      76      95      12      25      36
50      36      66      76      95      12      25      36
36      36      25      12      50      95      76      66

50      36      66      76      95      12      25      36
50      36      66      76      95      12      25      36
mid = 4
36      36      25      12      50      95      76      66
